ID	TARGET
3983	3
8810	1
3898	1
4590	3
8539	1
6149	1
7738	2
5433	3
8227	1
7636	1
1040	3
8230	3
3845	2
833	3
2371	2
7855	2
3838	1
76	3
2060	3
4359	1
1954	3
8298	1
5582	2
1693	3
8778	1
5749	1
5219	1
7480	0
42	2
638	1
1555	3
1470	3
8142	3
1757	0
5776	1
1910	2
3375	0
6991	2
3861	2
256	1
6744	1
4083	1
7414	2
1160	2
8153	3
1680	1
5702	3
5224	1
9152	1
6776	1
8960	2
8530	2
2459	3
3799	1
5207	2
6148	2
4309	2
1174	2
2460	2
5405	1
2630	2
6184	3
7591	1
8317	1
874	2
691	3
6473	0
8956	1
1037	1
3681	2
8781	1
2086	1
6337	1
6177	1
182	0
962	0
6704	1
1388	1
8910	1
8258	1
6733	2
7565	2
2325	1
4861	2
9233	0
5562	3
8439	3
6209	0
212	1
6942	1
3510	2
3713	2
3517	1
4408	2
1221	2
4005	1
442	3
5227	1
500	1
6161	2
136	2
8951	3
5736	1
5349	3
7609	3
2480	1
5832	1
114	0
4792	0
8342	0
7090	1
2924	0
267	1
2438	1
2106	2
713	2
6441	2
4293	0
2772	2
9145	3
38	2
6506	2
6575	0
8441	2
2921	2
6856	3
1759	1
8333	2
8732	1
8753	1
2031	2
2087	0
3476	1
6771	2
5221	2
2116	1
4286	2
2295	1
9181	2
1303	2
2856	2
553	2
5443	2
2666	1
4547	3
9164	1
2500	2
7144	1
3042	1
890	1
166	3
8986	1
5176	1
2298	2
4343	0
4151	1
5149	2
192	1
2389	2
7926	1
1563	2
5807	1
8830	1
7239	1
5987	1
5783	1
9175	0
1947	1
8668	1
2561	2
129	3
4595	2
5193	2
8402	2
2021	1
7032	1
4051	1
6089	3
1457	2
4319	1
2635	2
5673	1
2634	3
4720	1
2082	2
3760	2
5875	2
6224	3
3067	1
2016	2
7758	0
4376	1
2276	1
5581	2
307	3
6521	2
6672	1
5592	3
9061	2
3019	2
4370	3
6041	3
6962	1
1820	1
1058	2
1057	2
1859	3
5934	1
8729	2
5213	2
6578	0
5001	1
752	3
6094	1
4564	0
557	3
8613	2
305	2
1783	1
7310	3
6865	1
4674	1
2878	3
2467	1
5262	3
2332	3
3619	1
82	1
1501	3
9024	3
7831	2
2928	1
8113	3
3203	3
1621	0
3543	2
8969	3
1262	1
304	2
6160	1
2478	0
6731	1
7589	3
2888	1
5151	1
3234	3
6217	3
5744	2
4480	1
5059	2
6917	2
7526	1
8949	1
8955	2
8266	0
2161	1
8084	3
355	1
8973	1
3767	2
959	0
1508	1
3897	0
8041	2
4540	2
6884	3
4641	1
6504	3
6501	0
1862	1
9081	1
7816	1
8260	1
8139	1
733	2
7804	2
7265	2
2662	3
8149	1
9019	2
6603	1
8759	1
1033	3
7771	2
9214	2
126	2
5087	2
2590	2
764	2
1506	2
5700	3
1315	3
7703	1
1078	1
2472	2
2620	3
7896	2
6747	1
7050	1
9139	2
636	2
3222	1
4893	1
4208	1
5240	1
1811	0
829	2
5305	0
8361	3
3235	1
7997	1
6349	1
8210	3
391	1
897	2
8606	1
3622	2
3735	2
4380	1
7697	1
3710	3
143	1
8133	2
8172	3
8224	2
1491	2
7207	1
4749	3
1728	2
849	1
1564	2
9131	2
8633	0
629	2
9087	0
4752	3
4875	2
5370	2
4784	1
8489	1
7881	3
6786	2
1494	2
811	3
6358	3
2642	2
6533	2
6494	2
4645	1
8794	1
4479	3
893	2
4377	3
8083	1
5701	2
1016	3
2283	1
2865	2
5432	2
6118	1
7769	2
923	2
2665	1
5980	2
2559	3
4036	2
2934	3
2715	1
7098	3
7336	2
5053	2
5457	2
6538	1
8895	3
3807	0
8395	1
121	2
6080	2
3632	2
5123	1
2028	2
3445	3
7412	1
6252	1
3227	3
5052	1
2987	2
4459	1
8782	1
2437	1
6925	2
8211	2
8147	2
8739	2
3905	2
469	3
6768	1
5985	1
610	1
6409	1
7529	1
9088	3
8255	3
6780	2
5055	3
6299	1
4787	2
4544	1
6421	2
972	1
5916	3
5283	3
7752	3
8453	2
1799	1
8424	2
540	3
8728	1
4000	2
1624	1
4039	2
990	2
306	2
2830	3
3451	2
8022	1
653	3
5887	1
1906	3
1703	2
7542	3
1541	2
3408	3
7610	2
9098	1
5497	0
7659	3
7587	1
6447	1
621	2
4504	2
1724	2
1291	2
2346	2
8202	0
7248	3
7678	1
175	1
6581	1
4078	3
983	3
7617	1
7595	1
3415	0
4389	0
3348	2
8406	1
86	1
2057	1
1676	2
8911	1
3615	2
3334	1
2579	1
4250	2
4255	2
8597	2
4162	1
872	2
3750	1
7913	1
2524	2
2931	2
3729	3
823	3
2586	2
685	1
1453	2
9193	0
6101	1
8433	1
503	2
6989	1
7244	3
8310	1
3880	2
572	0
7540	1
2850	3
505	2
824	1
7914	0
4055	3
269	2
9113	1
714	1
3892	1
1743	1
7629	2
1539	3
510	3
319	1
3556	2
3529	1
4967	2
2207	3
8733	1
7042	1
9132	1
223	3
2898	2
6342	3
571	0
8730	0
7346	3
3666	1
5328	1
6872	1
4553	1
7002	2
7963	2
6354	2
8163	1
2488	1
4342	2
1075	2
6314	3
6286	2
7661	2
1121	2
5865	3
1456	3
696	0
4814	3
3757	3
8907	1
8845	1
9166	1
8540	1
6377	2
2947	1
3057	3
1818	2
4239	2
4463	2
4483	3
747	3
8724	1
7436	3
825	2
4340	1
530	1
2654	3
2811	3
4082	3
8198	1
3763	1
190	1
3606	0
1147	0
7116	1
2221	2
3743	1
3722	2
4432	1
6487	1
7640	3
4636	1
3675	2
5331	2
9220	2
7846	1
6820	2
9003	1
5731	3
8735	2
7408	1
7740	1
7331	2
2476	1
381	2
5579	1
4223	1
7208	1
1692	3
4736	0
598	3
4156	2
1231	0
5013	1
3926	1
4895	2
7797	0
7971	1
2377	2
7634	2
7226	3
8665	2
3114	3
5358	1
1716	1
6146	1
5976	2
7181	2
6983	1
4018	0
4012	2
2685	1
417	2
2019	2
1359	2
1795	3
4466	2
5823	2
7837	2
566	3
5096	2
627	2
477	2
8300	2
443	1
7925	1
5216	1
4770	3
3636	2
6562	2
8479	1
1357	2
3699	1
8688	1
4310	1
3300	1
7743	3
7962	1
7772	0
1188	2
4526	3
5769	1
7969	2
3310	3
6012	0
344	1
7794	2
5751	1
519	2
6827	0
4405	2
2823	2
8684	1
1139	1
2773	2
3754	1
6634	2
5893	0
7130	2
6490	1
5380	3
7688	2
2370	3
628	1
8839	1
5071	2
8744	2
3903	2
3248	1
4966	2
7240	3
6287	3
437	2
3671	1
8364	3
7675	1
5392	2
3883	2
3431	1
4321	1
4639	2
4914	3
7981	1
6340	1
3466	1
1668	1
7723	2
1963	2
673	1
4660	2
6798	1
3659	2
3153	1
3664	1
8374	1
6914	2
1025	1
7453	1
3917	2
3776	2
2952	3
7927	0
6288	2
3188	1
7376	3
3879	2
6315	2
240	2
3464	2
5648	1
7135	0
3345	1
6463	1
8713	2
6312	2
1447	2
7263	1
3149	1
5332	1
6329	0
3285	3
6632	2
1019	0
2215	1
7596	2
348	3
8	3
974	1
6139	2
4998	1
94	2
5366	1
1351	1
7303	2
8504	2
497	3
50	2
4034	1
6673	2
1908	2
5074	1
6958	1
5565	1
2133	2
943	2
8762	2
393	1
8964	2
1567	2
8521	1
2698	2
2657	0
2710	0
1041	3
7538	2
5538	2
3603	1
9154	3
8373	3
6156	3
6465	2
5544	1
8332	1
2058	1
3472	1
8800	1
6144	2
931	3
3070	2
8053	2
3467	1
272	2
6730	1
1510	2
2281	3
3099	3
3103	1
1258	2
5616	1
5708	1
8404	1
7759	3
2584	2
1592	2
3007	1
1343	3
1444	3
8452	0
4169	2
2735	2
7465	2
7230	3
8447	2
6862	2
6075	1
8721	1
5902	1
8394	1
1758	1
695	2
7989	2
4631	1
3593	3
8863	0
6898	2
26	0
7334	3
1159	3
1035	0
7183	1
3212	1
341	1
1569	2
7093	3
36	2
6717	1
3093	2
3991	0
8158	1
329	2
1736	2
5789	1
3077	2
1440	2
3056	2
5546	2
7501	3
6207	3
3837	2
4113	1
5687	1
9198	2
5357	1
1495	1
5945	1
3657	2
5442	0
7959	2
2801	2
3395	1
7725	0
5458	1
7120	2
9068	3
7974	2
2195	2
4908	2
3860	1
3918	2
5367	0
5356	1
4187	3
5269	2
3988	2
6848	2
7830	2
6322	0
1789	2
6305	2
6010	2
1941	2
1504	1
5379	2
7380	2
2550	2
570	1
8235	2
8912	2
2266	2
2261	2
2255	1
8338	0
4935	2
589	3
5244	1
7478	2
7470	2
8062	1
6081	2
4982	2
2228	1
9255	1
7730	1
3004	1
3350	1
2591	2
3454	3
7776	1
5277	1
6274	1
433	3
2734	2
8138	0
6782	1
2783	1
4431	2
8309	2
1259	1
7924	1
420	2
7185	2
5256	1
6743	2
701	2
8853	1
1766	3
7487	2
2690	1
6758	1
779	3
988	1
7195	0
7249	1
8564	2
6458	2
8641	0
5009	1
6433	2
1750	2
110	3
6569	1
5468	0
78	2
8030	2
1418	0
8295	0
5919	2
6355	2
170	2
6495	1
4471	1
3999	2
2843	1
5316	1
661	2
7734	2
2081	2
6323	2
5465	1
1098	0
4821	3
3621	1
4373	2
1659	1
4819	3
5552	3
6275	1
7074	3
1628	0
6877	1
6532	1
8006	2
7818	1
8741	1
5591	3
2475	3
8626	0
2726	2
7611	0
648	2
7210	2
6852	3
5156	1
446	3
7406	0
4021	2
4543	1
7223	1
7934	1
3010	2
328	2
892	1
539	2
1756	2
3721	2
1298	1
5723	3
2785	2
2486	2
7693	0
9245	0
383	1
8635	2
3942	2
4204	2
6677	2
5300	2
2148	2
5970	1
8669	1
2552	1
2294	2
1082	2
5836	2
9153	2
7446	1
7357	2
5503	2
5918	2
7940	1
4892	2
92	1
7613	2
1956	2
8362	1
6921	2
2241	1
282	2
7820	2
2391	3
5658	1
5160	0
5235	1
6627	0
4669	2
3856	1
7532	1
5527	2
6283	0
2511	1
3088	2
1498	1
3118	1
6061	1
8322	1
7037	1
2408	2
2794	1
6530	2
1800	0
9	2
2194	2
7982	0
5584	2
3808	1
2832	2
3977	1
1450	2
2357	0
385	2
4608	0
2897	1
3136	1
2306	3
5558	1
5413	1
480	1
9018	2
1552	1
1625	1
4369	1
906	1
998	2
2103	2
5922	0
5036	2
7101	2
6437	0
2144	1
924	1
7921	2
8458	3
2212	1
7552	2
3618	2
7876	1
6272	2
8823	2
354	1
7104	1
66	3
9044	1
3610	1
4538	2
4507	0
2481	2
7957	1
1420	1
8209	1
1968	0
1479	3
1547	1
5897	1
5482	2
6697	1
7402	1
7905	1
4941	3
6973	3
550	3
656	2
5411	0
1197	1
3801	2
8508	1
1118	2
1727	0
8416	2
2742	1
8421	2
513	1
2988	1
5718	1
7566	0
2917	3
723	2
7992	1
5825	2
6874	2
4178	1
5484	2
3111	2
8872	2
4549	0
4656	2
5263	1
3033	1
3591	2
142	3
263	2
7152	2
6389	3
4017	1
7931	1
174	3
6237	0
4968	1
5170	2
8598	2
4946	1
7880	1
634	2
5297	3
697	0
3623	2
1839	2
7641	1
6608	1
5775	2
9222	1
3935	2
2280	1
4668	3
3965	1
5734	2
5728	2
5960	2
2562	2
6462	3
5119	1
3228	0
7231	1
7859	0
3388	3
1706	2
8522	1
8485	2
789	1
4320	0
938	1
6129	2
4424	2
116	2
315	1
5377	2
4970	2
6558	2
450	2
5907	1
4230	1
4983	2
4057	1
6705	1
2095	2
211	1
1533	2
5577	2
1398	2
8939	1
2618	1
682	2
1502	1
487	2
1614	2
5385	2
2073	1
6559	2
8533	1
8326	2
7956	3
2484	3
1730	1
6474	1
4651	2
476	2
2468	1
219	2
5547	0
8656	1
9135	2
2068	2
4750	2
6615	1
6571	2
7107	2
842	3
4417	2
6623	2
5194	3
3281	0
6707	2
3500	1
5462	1
2918	3
7834	3
4725	2
7261	1
7108	0
8712	1
1300	2
4883	1
4193	1
2030	3
5541	3
8554	2
5536	1
3112	2
7038	2
1914	1
3437	2
1608	2
9149	3
5037	1
7284	3
373	1
9162	1
2637	3
8835	2
4421	3
4354	2
130	2
2822	3
4139	1
3263	2
2916	2
3608	2
3086	3
8068	0
8706	0
3364	2
2239	0
1264	1
2540	2
4700	2
7196	1
7545	1
3068	1
1223	0
6851	2
3530	2
1992	2
8569	1
8040	2
6679	1
4877	2
2589	1
8866	0
6977	1
2080	2
8821	2
7147	2
716	1
2902	3
637	2
2171	2
8107	3
8463	2
3024	3
3126	2
5685	2
4613	3
4294	2
2975	3
6103	1
1867	3
2250	1
6406	1
58	0
4219	2
3423	2
8132	1
5514	2
7567	3
37	1
3379	0
4810	2
357	2
4557	1
898	2
3938	2
5113	2
4442	1
7751	2
7386	1
4620	1
5925	3
6572	3
5020	2
1380	1
1108	2
4837	1
8082	1
7798	1
6464	1
603	2
2051	0
8563	1
1830	0
2450	1
2145	2
4777	2
2050	3
7491	2
2663	3
3768	3
222	2
5450	1
7747	2
3669	0
7753	1
4446	2
4775	3
5307	0
6642	2
7525	3
120	2
6387	1
7658	2
822	3
7034	1
5974	2
2835	3
84	3
8516	2
3561	0
5479	2
2456	2
7285	1
6424	0
4878	2
1638	1
8371	1
4764	2
139	2
4905	1
2006	2
4802	0
4409	3
1805	1
2852	2
8658	1
294	3
9213	0
7278	2
99	3
465	2
753	1
1913	1
4876	2
8308	2
2078	2
5595	2
2763	2
1251	1
7547	3
4008	3
4447	2
2220	2
3347	1
670	2
8832	0
4209	3
7644	2
4768	2
3327	2
7942	1
4393	2
3581	1
3805	3
631	0
2896	0
5924	1
6108	2
8701	1
2052	1
3295	1
290	1
163	0
5727	2
6721	1
504	3
7282	1
4971	2
249	2
7563	1
3818	1
3000	1
2538	1
3959	1
1847	1
7762	2
4361	2
1120	0
3497	3
1985	0
6684	3
8291	0
6807	1
3565	1
7199	1
4599	2
6396	1
3014	3
7182	1
4698	2
690	1
3532	2
4332	1
6405	2
9159	1
8150	1
5461	1
5027	2
4355	0
2891	2
4694	3
651	3
3718	2
7523	1
5288	1
5333	1
280	1
2668	1
5393	1
5451	3
3963	2
5914	2
5168	1
6934	3
6172	1
3745	2
3194	1
8989	2
1101	2
3596	1
6554	3
8722	1
13	3
3812	1
7731	1
1761	2
9033	2
4043	2
3756	1
4009	1
1473	1
412	3
3283	3
470	2
7311	1
4027	2
8427	2
6595	2
3854	1
8451	3
7690	2
8754	1
8627	1
800	2
6482	1
1215	1
4269	1
5989	3
3920	1
3064	1
2812	1
5754	1
2285	3
3962	1
4331	2
4316	2
3373	2
2870	1
6240	0
963	2
4326	3
6505	3
205	2
5470	2
5415	1
5818	1
2998	3
8919	3
7782	2
8576	0
2738	1
3504	3
720	1
8631	1
2815	2
2624	1
5132	3
5656	2
6523	2
7426	2
4053	1
8965	1
5653	1
1250	3
6637	1
1325	2
5440	1
618	2
3488	2
9090	2
3240	1
4164	3
3199	2
1090	2
4196	2
3706	2
3751	1
4851	0
6030	3
5236	3
7071	3
5200	2
5676	1
8930	0
1185	0
844	2
463	1
8151	1
3930	1
7474	1
8071	1
4940	0
1481	0
1953	0
8405	2
5196	1
6564	2
6444	2
7028	0
8096	1
2949	3
1904	3
798	2
6947	2
4094	2
1988	2
7192	1
1394	2
2768	3
7023	1
7653	1
52	2
8981	1
8858	2
4167	2
4517	1
396	1
1446	2
2659	2
3744	3
4533	2
6372	1
3142	1
6517	3
3265	2
1669	2
1001	3
4023	0
6844	1
7069	2
8474	1
3169	2
9264	1
5435	2
7815	2
8099	3
1228	0
2725	2
9225	0
792	3
4795	1
5735	2
8095	2
6429	3
8636	2
7427	2
3976	1
3656	2
6551	1
6755	3
8358	3
5107	3
1471	2
1024	2
1926	2
1097	1
8991	0
4545	0
7022	2
4683	2
5609	2
4806	1
1775	0
6950	1
5345	1
6909	2
2837	1
976	3
6612	3
6699	0
3023	3
481	3
1723	0
4520	2
2099	0
4341	1
2873	0
8206	1
3003	2
3813	2
6793	1
4898	2
1975	3
4150	1
1335	1
6119	0
2514	2
4243	2
8700	0
2836	0
1196	1
8087	2
5873	1
3589	3
3092	0
2246	3
6019	2
4999	1
8393	1
6232	1
1878	0
5347	2
6400	2
1438	1
4063	3
4505	2
3552	2
4120	2
1313	2
4041	1
8307	1
6669	3
3360	1
542	1
5864	0
8734	1
549	2
6178	3
4001	2
7259	1
997	3
3	1
299	3
7791	2
19	3
8189	1
9134	0
5501	3
7316	2
6777	2
4870	1
2911	1
5615	1
2522	1
4181	3
5878	1
2765	3
5475	0
3598	1
6292	2
5014	1
7991	3
5222	2
5485	2
3663	1
6104	1
5122	2
2118	2
6816	1
7593	0
2385	1
4585	3
1081	2
9029	0
1052	2
7553	1
9228	2
4465	1
6531	2
5753	2
8529	1
4159	0
7404	2
1835	2
1762	2
8112	2
2382	1
3569	1
738	2
4378	1
7494	1
871	2
5715	1
1923	0
2399	0
303	1
5689	1
2351	2
3944	2
7309	2
3846	1
186	2
6821	2
6675	2
7204	1
1512	2
3960	2
991	2
1983	2
3901	2
2708	1
3676	1
187	2
7500	1
4844	3
948	2
3117	2
7784	2
310	0
6221	2
5095	2
3393	1
8585	1
8302	2
704	2
3707	1
8750	2
7200	1
8344	1
4498	2
814	2
3485	1
7928	1
9150	2
1823	2
2923	3
7390	2
9200	3
8229	2
4260	1
5999	2
419	2
215	2
605	3
1575	2
1461	2
3541	2
5626	2
6948	2
8108	2
132	1
2518	3
209	2
1591	3
2074	0
5167	2
2543	1
7960	2
1166	3
8518	2
9040	1
7654	1
6916	1
1292	2
2236	3
3540	2
6432	0
9065	1
7242	1
2025	1
6033	3
1513	2
6583	0
3998	3
6127	1
7909	2
1263	1
440	1
734	1
1209	1
5257	1
3660	3
5281	1
1848	1
2275	3
4531	2
5430	1
3135	1
5666	1
6610	0
6114	2
4107	3
9155	2
6263	2
8299	2
5361	2
1770	3
1152	1
7441	2
2290	3
3520	1
3709	2
3536	1
2202	2
276	1
6307	2
3922	0
4460	3
3486	1
9189	1
3734	2
3205	1
2327	1
1234	1
6434	1
9086	1
9197	2
2638	2
2833	3
5964	1
5184	2
5002	2
5943	1
2174	1
2714	2
3221	1
4412	1
4689	2
7948	2
7739	1
4890	1
195	1
4437	2
4791	3
2412	2
6774	1
6933	1
1708	1
4440	1
2251	2
8681	1
6502	1
4822	1
2760	2
1760	0
4231	3
7777	1
9006	1
5206	1
8466	1
8620	2
4111	3
1709	3
1937	2
3667	3
2889	2
3236	1
6778	1
6503	2
3506	2
2119	1
7712	2
6546	2
491	2
7365	2
6343	1
6663	3
5822	1
7667	2
6908	2
2567	2
5110	1
3600	2
870	2
3340	2
2035	2
3432	1
6907	0
2474	1
7814	3
7194	1
2340	3
6737	1
5872	1
6311	2
3574	1
996	1
5203	0
3034	3
6301	1
9037	1
2279	1
3271	3
3130	0
2678	2
1973	1
9172	1
4071	3
6967	1
1062	0
4534	1
4176	0
2566	2
7748	1
4909	1
8650	0
295	1
6151	2
8470	1
9072	2
1812	3
4709	2
8223	3
4663	2
6249	3
934	1
8467	2
8629	2
5830	2
2046	2
5509	2
6881	2
8616	2
4117	2
6112	3
1412	1
400	2
8398	1
293	1
3912	3
7938	1
986	1
2433	3
6810	1
4476	0
643	3
977	2
6131	2
1063	2
4828	1
8486	1
7580	2
617	0
2817	2
1252	2
9182	1
7411	1
8185	3
7460	1
7213	1
8193	2
1235	1
4794	2
8962	1
8386	1
6845	2
4172	2
9112	1
2027	1
7903	0
4461	3
6566	2
2213	1
6381	2
8122	2
8889	1
5762	0
5188	1
8166	2
27	0
7423	1
5758	1
7105	2
7789	1
2818	1
1286	2
6063	2
4205	2
6990	2
2000	3
6247	2
7683	1
3324	2
1718	1
4472	2
6417	2
8702	0
4126	3
6560	2
5675	1
2839	1
3490	0
2350	2
4867	1
2655	1
8709	2
8957	1
646	1
3791	3
9042	1
5808	0
7351	2
6115	1
3344	1
4302	1
2048	0
5024	1
7341	3
1961	1
6294	1
4607	2
4858	1
6380	1
6540	1
975	1
5075	1
4396	2
4567	0
5437	0
336	1
5089	0
1594	2
2151	2
5657	3
3563	1
2315	3
8628	1
4474	1
6706	1
5529	3
7515	2
7401	3
9021	2
238	1
8549	1
4917	2
6378	2
5446	1
9179	2
4157	0
7305	2
6829	3
3814	2
5533	3
6928	3
5619	2
2627	2
2105	2
5614	1
81	1
1670	2
6738	3
3968	3
3627	3
4245	0
1378	2
484	1
275	2
6902	3
4655	2
7370	3
4456	2
4920	3
6162	2
5572	2
330	2
5926	2
611	2
5359	1
3339	1
14	0
2204	2
4464	2
5047	2
7483	1
6228	3
5008	2
1274	2
3362	3
8045	1
4190	2
2999	2
8216	1
6548	1
8165	2
7713	3
3832	0
3617	2
7014	2
3369	1
9151	2
7619	1
8180	2
2113	1
3698	1
7504	2
8282	3
1532	2
1882	3
8487	2
6859	1
2596	3
3311	2
459	2
1796	3
8399	1
4281	2
4013	1
4979	3
431	3
88	0
5301	2
3572	2
4521	2
4152	1
7767	2
4298	0
6067	1
4214	0
8010	2
1377	1
309	1
2700	2
7257	1
8805	2
727	1
155	0
1946	2
2736	3
2265	2
5713	2
492	2
8222	2
5230	3
3478	2
5866	1
8055	3
1927	3
4976	2
6935	1
3446	3
2886	2
7498	2
9039	1
2651	3
2205	1
3333	1
6468	2
1557	1
4944	2
6025	2
1224	0
1095	2
3101	0
204	1
6912	0
1851	3
7665	2
3071	3
8920	3
5094	2
6846	2
8048	2
1490	1
7612	3
7651	2
755	2
6023	1
7329	1
4349	3
8770	1
7355	1
3789	1
5891	2
7524	3
8370	2
247	3
2159	1
9188	2
253	2
856	2
2234	1
8511	1
8535	1
6121	1
462	2
7650	1
3831	1
8725	2
9165	1
4295	2
8595	1
8483	1
8238	2
3006	2
3943	1
2491	2
1554	3
689	2
4616	2
520	2
1419	3
5068	2
6427	2
7724	3
953	1
4486	1
1192	2
6383	1
7886	2
6657	2
8942	1
3372	3
9171	1
6043	1
2178	0
7554	1
7737	1
7638	1
4835	0
6901	1
4603	2
8649	2
3616	1
8806	1
1817	3
4896	2
4845	3
7983	2
1104	0
6048	1
1485	3
2507	1
2874	1
3338	2
749	3
7131	3
865	2
7990	1
8547	2
2342	0
5434	1
1858	0
4550	1
1777	1
7368	2
523	2
4335	2
9032	2
6022	3
8697	1
1654	1
7806	0
3769	1
9035	1
5958	2
9051	2
2	2
228	0
7499	0
3164	2
2493	1
4556	1
5564	0
1536	2
6325	0
1327	0
3889	1
565	1
791	2
3365	1
1469	1
8120	1
7433	1
7973	2
6832	1
5077	1
8079	2
8726	2
6431	2
6556	1
6449	2
3426	2
8429	1
4962	1
655	2
9140	1
6198	1
3811	1
8444	1
881	2
6654	2
2941	2
7741	1
2790	3
531	2
1496	2
5306	1
5387	2
7332	1
8265	2
5507	2
5984	2
5545	0
5766	3
8449	2
8169	1
1545	1
1714	2
2737	1
1833	2
7367	1
3298	0
1134	2
7901	1
4233	2
5647	3
3382	2
7224	3
5299	2
1337	2
455	3
2256	1
5428	2
6966	1
801	1
4578	3
43	1
6152	2
7870	1
3494	1
863	1
3742	2
9174	1
4270	1
6889	1
5454	2
660	3
8250	1
3133	2
1076	1
5688	2
7987	1
5668	2
7059	2
3646	2
3635	1
1694	1
4147	3
4400	0
6007	2
7939	1
645	1
544	2
5972	1
1537	2
4146	1
5756	2
2547	2
5553	1
7016	1
3301	0
3624	1
8325	2
5046	2
4722	1
4122	2
7826	1
1677	2
8014	1
5181	2
3200	1
7321	3
591	2
7477	0
6871	1
6591	2
702	1
4988	2
8174	2
9110	1
5049	1
6734	3
1486	1
189	1
584	2
102	2
6988	1
6633	0
8718	2
675	3
2443	3
6330	1
2040	1
8816	0
3779	2
684	1
6525	1
1636	1
3021	2
5343	1
1893	2
4939	3
5391	1
3134	2
3649	3
7171	1
5419	2
5159	1
6842	1
4317	1
1548	2
2831	1
2778	2
8246	2
2958	0
2860	2
4524	0
5613	1
9017	0
4186	1
1032	0
1829	3
8459	1
2677	1
4767	2
5464	2
5698	1
150	2
8207	2
4657	1
83	2
3783	2
6841	2
1657	2
251	3
9091	2
1969	0
2974	2
5942	2
6579	2
515	1
3689	2
778	2
2892	1
2260	2
9089	1
2935	3
913	2
7682	1
3391	1
3043	1
3132	1
2743	2
4619	2
2687	0
5586	3
449	2
7600	1
1269	3
8141	2
5264	1
4923	1
4411	2
1981	3
5941	2
7536	3
8272	1
4788	2
1099	2
5460	1
1123	1
5072	1
6261	0
2448	2
6065	2
3449	3
9071	0
5201	1
1207	0
4699	2
4135	1
7848	1
9049	1
1499	2
9050	0
4140	1
4575	3
6812	0
6803	3
360	1
4397	2
4642	1
1987	3
7574	1
5340	1
3079	1
4865	2
3323	2
2489	3
1899	1
2628	1
8091	2
6276	1
8129	2
2089	0
1598	2
8954	1
7247	2
4570	3
8836	3
2683	1
3987	1
2349	1
2968	1
6624	1
2910	1
3631	2
1838	0
1635	1
6105	2
1011	1
8104	2
8140	3
7089	1
7842	3
8589	1
8789	3
2808	2
4718	1
4390	1
4755	1
2037	1
1583	2
2120	1
6529	3
7579	0
578	1
5828	1
347	1
8608	1
8039	1
4583	1
3882	1
5498	1
1573	2
7810	2
5707	2
5620	2
1928	1
6336	1
5314	2
7297	1
9002	1
810	2
6154	1
8711	1
2341	1
1311	1
1630	1
8128	2
3986	1
6467	1
8828	1
9176	0
6483	1
1534	3
6552	1
8392	1
8763	3
8167	0
9203	1
2333	1
6230	1
8461	1
2857	2
5508	1
9058	0
5634	2
3178	2
2422	3
1815	2
1620	3
9262	0
3855	2
2013	2
6096	3
7520	3
1381	3
5554	1
8262	3
2162	1
4481	2
514	1
8345	1
7832	1
3739	2
4757	1
6189	1
7950	1
4855	1
1579	3
1610	2
3890	2
4092	2
4182	2
7803	1
9085	1
6128	2
4458	0
4721	2
6760	2
5513	3
4054	1
2639	1
7142	1
3274	2
6475	1
826	1
8389	2
5459	2
467	2
7388	3
3630	3
7691	0
2576	2
5680	2
7472	2
2044	1
7229	2
6050	2
70	2
5630	2
9009	1
5246	2
2002	0
8952	2
5211	2
5140	2
8737	3
7711	3
1784	2
4207	1
3475	1
3291	2
9263	1
7485	1
5845	1
5757	0
1317	2
8877	2
8469	2
1525	1
1358	2
7003	2
671	3
6291	3
2434	2
8061	3
4088	2
2661	1
6796	3
8468	2
8437	2
3683	3
7517	2
1225	1
1434	2
327	2
8690	2
4816	0
809	2
864	1
3359	2
6750	1
7222	0
5603	3
3074	3
5846	1
1619	1
8896	2
9118	2
8413	1
1684	2
8813	3
4748	2
4695	2
1919	2
6607	3
7187	1
3474	2
5797	1
7211	2
3410	1
7081	2
3559	3
5062	0
2909	1
8586	1
413	2
593	3
3539	1
5476	3
6202	2
6813	1
4238	2
6954	1
3313	2
6759	0
762	1
6986	0
6870	1
6701	1
1044	2
7458	1
9207	2
698	2
5092	2
8242	1
5108	0
5953	3
2223	1
3639	2
3180	1
1439	1
3444	1
8259	1
1140	3
7110	2
4450	3
4477	1
8038	2
1915	3
3085	1
1321	2
2268	1
4435	3
1526	0
1299	2
5504	3
4884	1
5696	2
3160	1
3387	3
8330	2
5983	1
1407	1
8538	2
1546	3
5879	0
8420	1
5395	2
9047	2
1698	3
7695	2
5611	1
3852	2
1472	2
3061	2
869	2
286	2
1697	3
6879	1
8541	1
4704	1
8913	1
316	1
1408	2
1278	2
8846	2
7862	0
3166	0
8331	2
7505	1
5716	1
4241	2
4385	1
7605	2
2149	1
1912	1
3921	1
3090	1
3761	1
2409	0
8477	0
4833	0
4926	1
7445	2
1855	1
3508	2
2045	1
5969	2
4990	2
4667	2
7149	2
6365	2
6984	3
225	3
5199	3
5403	2
3016	3
2844	2
2989	1
5422	1
3238	3
8891	3
8217	2
1034	1
4285	2
8136	1
7467	1
8264	1
7628	1
2807	2
6497	1
9146	1
6814	2
2311	2
141	2
1129	3
4891	1
3297	2
657	0
1890	2
4414	2
2855	2
9248	2
9208	2
3084	1
4552	2
4002	1
4572	1
4659	2
3871	1
6163	2
5973	0
2188	2
5636	2
3570	1
5287	2
4840	1
8252	2
8280	1
6142	1
2309	2
1640	1
8414	1
1521	2
6006	2
1305	1
1840	1
3684	3
6309	1
836	3
8785	1
6885	2
1704	0
4989	1
6259	1
4911	1
4648	1
3216	1
146	1
1168	1
1886	1
3731	2
1043	1
7706	1
5948	2
4574	3
2018	2
8646	2
2707	2
8904	1
4180	1
157	2
8617	1
4074	1
2320	1
33	2
4487	2
8714	1
3863	1
2043	2
1827	3
5214	2
5645	3
7066	1
5099	1
5375	2
2355	1
3534	2
2560	2
2416	2
7315	2
5705	2
4887	2
4546	1
7847	2
7809	2
4045	1
124	1
6664	2
7073	1
8105	0
5242	1
2515	1
5743	0
4859	2
4951	2
1480	2
255	0
8428	1
718	2
8558	1
7088	1
6727	3
7138	1
1005	2
1107	3
5800	3
2528	3
5670	1
4346	1
1374	3
8591	1
6539	1
1634	3
4443	1
2495	2
5139	1
616	1
3644	2
2100	3
335	1
464	1
2401	1
6952	2
6587	2
4808	2
4508	1
5021	1
8130	1
7807	1
4292	1
4062	2
5693	2
7304	2
4315	1
4731	1
5748	2
3834	1
1468	1
534	1
5855	3
206	1
8921	3
6399	2
832	2
4907	3
2090	2
5417	1
7091	1
4044	1
2077	0
7687	2
1648	2
3434	0
1888	0
4198	3
4028	3
6680	2
968	1
5048	1
5491	3
5218	1
5915	3
8024	2
875	2
6008	1
5525	1
4847	1
4313	1
1245	1
1072	2
2189	2
1086	1
7933	1
2583	3
6693	1
1306	2
2252	1
5930	1
2757	1
2846	3
5810	3
1336	1
1902	2
5798	1
9004	1
2711	1
7839	2
5215	2
509	1
5590	0
6422	2
989	0
2674	2
1136	2
2779	3
3190	1
7696	1
5452	3
8319	2
7444	0
210	1
1595	1
1246	3
118	3
4329	1
6425	1
6450	2
234	2
8614	1
3815	0
2259	3
6168	3
74	1
7967	1
1900	2
3705	3
4127	1
1767	1
1639	0
3483	1
5102	0
2900	2
6544	2
1132	0
46	2
4899	1
6113	2
7354	1
119	2
6956	1
6137	2
4881	2
6749	2
3496	2
6944	0
7452	0
985	2
8523	1
7156	2
138	2
5126	2
1518	1
6095	0
1917	2
8536	2
8081	2
8359	0
4872	1
8577	2
4622	2
1841	1
2091	2
6200	2
6609	1
4356	1
3865	1
4740	2
5839	2
9190	2
7571	1
5856	3
8894	1
8652	2
3069	2
2530	1
2904	3
1880	1
8340	1
2404	2
1551	1
5730	3
3673	2
6802	2
6961	3
2580	1
3633	2
4226	2
8944	3
8051	2
4653	0
8791	2
2827	2
1994	2
1949	1
8844	2
7899	2
4894	1
2026	1
5908	1
511	1
987	2
614	2
3202	3
5663	1
384	2
7253	1
7951	2
2005	2
7219	1
5959	2
498	1
9082	2
6265	2
5091	3
6222	1
6683	1
6059	2
2767	1
8116	2
7359	3
1116	3
8666	1
6310	2
5320	2
7137	1
5175	2
8784	2
458	1
8601	1
5255	2
6044	1
1455	1
4789	3
5793	1
5732	2
8007	2
5654	3
2684	1
5923	3
4811	2
8066	0
3331	1
4427	1
8982	1
7033	2
1128	1
6284	3
3062	2
3355	1
6069	3
4889	1
3595	1
9107	2
8208	2
6897	1
5169	2
4406	2
2201	3
561	1
1641	3
1436	2
5860	3
8267	2
914	2
4058	1
4692	3
6486	3
8797	3
4052	1
3893	1
1986	2
6460	1
8562	2
1804	1
8959	2
1962	2
1781	1
6621	2
6062	1
5418	1
867	1
2535	1
4714	1
1096	3
576	2
1930	2
6470	2
4069	1
8306	3
1022	2
4588	2
2124	2
5487	2
1002	3
4183	1
620	2
901	3
7072	2
9078	1
9266	2
4287	2
4712	3
7519	1
2563	1
7468	1
6388	1
1330	0
4592	3
5253	2
4529	3
786	2
2366	3
3680	2
3204	1
2497	2
3018	2
7021	2
7728	1
4192	2
4168	0
7126	1
403	2
5234	3
8594	1
375	1
8377	1
8710	2
472	3
7054	2
6982	1
6071	2
2699	1
5060	2
5835	2
2271	2
5683	2
2641	1
9224	1
1744	2
7966	1
5022	2
4587	2
965	2
5279	2
8057	2
4611	2
4445	0
7952	2
7422	3
1322	1
3700	1
1821	1
7906	1
6070	2
7123	2
3065	2
1169	0
6722	2
3286	2
6918	1
7430	3
2558	1
2838	2
1233	1
9038	3
7631	1
5067	2
6940	1
466	2
4735	2
3703	1
4925	1
2219	1
4263	2
8584	2
5622	1
9008	2
404	1
7086	1
6157	1
7670	2
4850	0
6476	1
7067	3
3842	0
176	3
529	3
5112	1
7087	1
6999	3
7164	2
6543	1
9212	3
7544	1
5294	1
4580	2
1028	3
8685	0
592	3
8672	3
4702	0
3306	1
2671	2
721	1
2427	3
2249	2
8865	2
3542	2
3548	2
3505	2
1208	0
1437	2
5424	1
8870	2
6124	2
4338	2
67	2
4454	2
137	1
398	3
8200	2
1773	2
6031	3
6951	0
2764	0
641	1
4353	1
8263	0
3868	1
29	2
1085	1
7849	1
1671	1
3516	1
7419	2
2011	2
8411	1
4904	3
3208	1
6110	2
8028	1
8156	1
7234	2
4253	2
4629	1
7145	2
7863	2
3786	3
397	1
506	3
8587	2
2168	2
4628	1
45	1
5597	1
9108	1
6614	2
1460	3
6736	0
7157	2
6611	1
3305	2
8146	2
6166	2
61	1
7894	1
710	2
8546	1
5773	3
1997	3
7163	1
6415	2
1384	3
7698	1
2629	2
5208	2
8269	2
3207	1
5105	2
7539	1
2532	2
7045	2
4288	2
6359	2
3293	1
8874	2
7293	3
5344	0
2154	2
2012	2
3096	3
5844	2
8135	2
4815	0
2435	2
1249	1
2581	3
575	3
982	2
8925	1
8937	1
5152	2
917	2
237	0
7822	2
6356	1
900	1
7761	1
3001	0
2138	2
4512	2
1316	3
2893	2
1373	1
1172	3
5531	3
7912	2
1603	2
7551	2
1836	1
4104	2
3775	2
3137	2
6350	3
8400	1
2972	2
9211	1
5824	3
5109	3
281	2
4114	2
6266	3
3957	1
8824	1
7006	1
3049	1
5950	1
3822	3
1764	2
4647	2
4367	1
2347	2
2017	1
7496	1
4716	2
5304	3
4448	0
8498	1
4848	2
6910	2
246	2
2299	1
2869	3
1449	3
8524	1
8219	2
2880	2
1135	2
4602	0
5118	1
7333	2
3796	1
8134	1
3389	1
6111	3
7076	2
4227	1
5138	0
3853	2
9260	2
9083	1
2225	1
4210	1
5	3
536	0
5369	3
3772	2
6712	3
6739	2
7473	3
6073	3
5794	3
8922	1
5605	3
1184	3
8277	1
5993	0
8803	2
4225	1
8422	0
2868	1
5882	3
7811	2
7779	2
7335	2
5056	0
6568	2
887	2
7052	1
2274	1
2310	3
6795	1
8304	1
3771	2
3225	0
3320	2
2724	3
4849	1
6576	2
8088	2
1443	3
8454	2
8551	1
488	3
284	1
6057	2
4864	0
3352	3
8275	2
609	2
930	1
1265	3
270	3
5431	1
2722	3
9117	2
1655	1
2610	0
1392	3
3282	1
5258	2
9202	2
4958	2
8573	2
7299	3
4258	1
7780	2
6754	0
9256	2
6034	2
8520	1
3724	2
8929	3
7853	1
5635	3
8764	2
8035	2
2962	3
6242	2
5820	2
8815	1
9095	1
3626	2
1320	2
970	2
4771	1
6690	2
8579	1
8042	1
4199	2
4640	1
2527	0
8001	1
8755	1
1103	0
7656	2
2034	2
218	3
8987	2
4372	2
8418	3
6671	0
960	2
3717	3
5574	0
2611	1
101	2
4174	1
4173	3
4747	2
3908	0
5859	2
2380	1
2075	1
3150	1
8873	3
4838	1
7103	1
7153	1
5130	2
8801	1
3634	1
7937	1
4070	2
1004	2
5280	2
8723	2
2436	2
4261	1
2232	2
3951	2
8856	3
8301	3
5143	1
9094	0
7672	1
1091	2
7159	1
5767	2
2305	1
4381	2
1329	1
1826	1
4717	1
5423	3
6593	2
1055	0
6040	1
8708	2
3353	1
3342	0
387	0
3487	1
8488	1
7360	2
6867	2
5125	2
7294	3
6180	2
2167	3
2164	3
1277	2
743	3
1562	3
1126	2
2578	0
4646	3
1146	1
4886	1
5681	2
1013	0
3383	1
7241	1
2942	2
5571	1
3923	2
4947	3
7328	3
9210	1
4493	2
3171	1
8034	3
5444	1
8212	0
5814	1
7915	1
2157	3
1685	1
5496	2
2542	1
8893	1
2455	3
2337	2
4374	1
6346	0
717	1
667	1
6183	2
2354	0
7046	2
5502	3
3948	0
9045	2
6036	2
1406	1
6570	1
5652	3
5912	3
8607	1
5604	2
8933	1
1007	1
4703	2
2258	1
2094	0
4737	1
1113	0
4843	2
640	2
6805	3
4679	1
7227	2
1763	2
4915	2
9169	1
5752	2
229	1
3982	1
7774	1
545	2
7581	1
6150	2
7666	1
8464	1
7572	1
407	2
9221	2
2646	1
5537	3
2210	2
2617	2
4131	3
6375	1
6093	2
3491	1
3028	1
2510	2
7454	0
1414	2
1089	2
3907	2
4882	2
8465	1
8548	2
49	2
5276	3
3934	2
5291	2
8927	2
3461	2
7017	0
2270	3
7977	3
4423	1
5202	3
4741	2
8297	2
5805	1
8046	1
4163	2
1352	2
5250	3
2548	2
6605	2
1720	1
8945	1
3687	2
564	3
5968	1
2781	1
7094	1
1087	2
2237	3
3602	2
2463	2
3874	1
2770	2
4638	2
8182	3
2407	2
1175	3
4927	2
7541	3
784	3
6321	0
681	0
9209	0
6398	1
1181	3
3841	1
7898	1
2426	3
5870	1
2536	2
6214	3
2864	3
7118	2
2702	2
4866	1
8124	2
4339	3
4274	2
2067	1
1492	2
3309	2
6206	2
2908	0
4387	1
425	0
4857	1
1361	3
7100	2
1393	2
2293	0
5252	2
1153	1
296	3
7866	1
3422	1
4416	0
5522	2
8817	2
8555	2
4130	2
3120	1
2501	1
6964	1
1069	3
7998	2
9070	2
2102	2
2441	1
2970	2
767	2
3916	1
8369	1
3642	1
7250	2
6534	2
2731	0
6211	1
98	0
6328	2
4086	0
1738	1
981	3
3611	1
3755	2
5511	1
1119	1
1991	1
3332	1
7420	3
5791	3
4434	2
5858	2
1751	1
3385	1
7190	1
1940	3
7206	0
6364	1
6223	1
6746	1
3054	1
8501	2
4201	2
8285	2
5319	0
5704	1
6102	2
5608	1
2863	2
5543	2
3970	2
1768	2
3662	1
4	3
7136	1
3196	2
7264	1
1031	1
803	2
5646	2
8279	2
7174	2
3244	3
1615	0
5197	1
6295	3
8378	1
4457	2
6996	2
587	2
6847	1
3778	0
4986	2
6656	1
6866	1
3821	2
5154	1
8379	2
7503	2
3971	1
2602	0
3161	3
6748	2
2676	1
1074	2
6514	3
1433	0
2172	2
1717	1
706	2
2762	2
8545	2
3648	2
8256	2
3931	2
5315	1
2594	2
5560	1
7674	3
6316	1
6066	1
3027	1
7279	3
1606	0
5829	1
2282	3
452	2
4248	2
1287	1
560	2
5397	3
8696	3
5946	2
4095	3
6648	1
3336	1
4933	1
3936	1
5714	3
1366	1
8850	0
5596	1
7308	0
4073	2
4444	1
345	1
2439	1
3937	2
1916	1
7624	2
8811	3
2248	2
8417	1
1866	2
2466	2
8663	1
6513	2
541	1
5064	0
1792	2
3672	2
7119	1
1531	1
3732	3
2297	2
7932	1
7463	1
6994	2
6133	1
6333	2
9025	2
7979	1
4365	1
4696	2
7053	0
3075	2
950	0
7755	1
3810	2
6469	2
1163	1
1061	3
2954	2
5642	1
2670	0
4108	2
261	1
2069	0
2383	0
6946	3
44	3
77	2
2813	1
7170	1
9258	1
6876	0
7043	1
2490	3
2672	3
7655	3
5083	3
8121	2
665	2
5310	2
3128	0
1247	2
3183	1
3728	1
1308	2
6324	2
2410	1
4994	2
279	2
7373	1
659	2
5812	3
8966	3
8879	1
8321	2
8143	2
8676	3
939	1
1542	2
5220	2
3511	1
2329	0
5406	0
3292	2
8703	1
7495	2
6440	2
7986	2
3715	0
2980	2
2227	2
1148	2
1550	1
4637	1
6822	1
3894	1
6021	2
5763	3
579	2
2595	1
883	2
1787	1
8560	2
5226	2
1752	3
7397	2
8324	2
2631	2
1691	1
2723	3
5664	2
5598	0
1982	0
2944	1
7733	1
6477	1
4468	2
4218	2
2277	1
1520	2
7669	3
5741	2
9237	2
9123	1
5977	1
7935	1
5063	2
7143	0
6385	1
8745	3
5521	1
2777	2
6423	1
4738	1
2449	3
1611	1
3270	2
2754	0
9239	3
5129	0
3272	2
626	3
5815	1
2798	1
4593	2
4142	2
5677	1
7057	1
2353	0
3652	1
3022	1
1747	1
6027	2
6960	2
8715	1
8768	2
9147	3
2358	1
590	2
382	1
8089	1
3800	2
7212	0
4433	1
5204	3
3950	2
9093	2
1276	1
6289	2
5337	2
6691	1
6741	2
2496	1
4650	1
2269	1
5410	1
3992	1
3201	1
4206	2
9218	1
2797	1
4388	3
3661	2
7155	3
2621	2
3087	1
5251	2
4956	1
8831	2
7025	2
6016	1
2709	1
6625	2
3840	2
2809	1
2374	2
2312	2
4862	2
7891	1
3374	1
5535	1
5721	1
7805	2
260	3
6711	2
161	2
1852	1
8760	1
1974	0
144	2
5210	1
6527	0
2780	3
1771	1
9031	1
5116	1
6280	1
5372	2
7970	3
6120	1
1347	2
5145	2
5834	1
5000	0
1178	2
1431	1
7188	2
5982	1
7825	1
7320	1
8152	1
6890	1
2039	2
6949	3
4773	1
5173	2
217	1
5121	2
8995	1
1162	1
6957	1
1193	2
1960	1
5426	0
6646	3
34	1
288	1
7434	3
6600	2
8847	1
2752	3
427	1
1165	0
6752	0
5273	2
4879	2
6696	1
323	1
7936	2
521	2
1130	2
7664	3
861	2
4299	1
2386	2
8950	2
6886	2
812	1
5935	2
6049	3
3052	2
6413	3
9192	1
6279	1
5270	1
8117	1
7917	2
5777	1
5150	3
5711	1
3435	3
7384	0
978	3
2632	1
2343	1
677	2
5669	3
3954	2
1774	3
1194	1
289	3
5991	1
6072	1
2545	2
6331	2
2990	3
5354	2
9020	1
5641	2
3844	3
4224	2
1497	2
5770	3
2141	2
4033	1
3788	0
475	3
2616	2
6586	2
5659	1
3465	2
1180	1
6535	2
4724	1
3418	0
5185	2
5892	1
8902	0
4170	2
8833	1
1721	0
5298	1
5026	2
4511	1
2600	2
4596	1
3409	2
8581	3
8612	2
3314	1
4952	1
3688	2
596	1
2706	2
5881	2
6060	2
6878	1
3827	3
8063	1
955	1
3326	2
3612	2
4604	2
7598	3
8748	3
1803	1
2820	1
8054	1
9007	2
5780	2
961	2
1952	2
7856	1
3557	0
5182	2
7673	1
3604	2
7184	2
546	3
624	2
6906	2
7099	0
6941	3
3493	2
3229	1
1413	1
7489	3
6775	3
6204	3
4090	1
8349	2
7172	2
5438	0
625	2
8908	1
8905	2
2242	0
7260	1
7637	2
8078	2
2179	1
3224	1
6053	0
5205	1
3328	3
3738	2
4200	1
5388	3
135	2
8491	1
4880	2
5165	3
2883	3
8473	2
5699	1
6930	2
6370	1
6099	0
4762	0
2126	3
1802	1
8284	3
8743	2
9130	1
474	3
2912	3
6005	1
5275	2
9229	3
9016	2
5539	0
7217	1
4897	1
7889	2
7919	0
676	2
4202	2
1371	1
562	2
9242	1
7300	1
9028	2
683	1
5917	2
3694	0
4333	1
8409	2
6618	1
8720	2
2645	3
4402	2
7530	3
4955	3
2826	0
4262	1
331	2
5016	2
5386	1
2469	1
6171	1
6159	3
9055	2
7838	1
5938	2
4271	0
8694	1
3866	1
7338	1
7013	1
7895	2
642	1
7198	2
6145	1
6264	1
5886	2
1145	1
3545	2
4031	2
7078	2
3820	2
394	2
7134	1
835	2
6515	1
1411	0
4232	1
7860	2
1417	3
7800	1
7548	2
3795	2
1509	1
8029	1
1631	2
3774	2
5111	2
6833	2
8419	2
2446	2
85	0
2976	2
8060	2
6369	1
6781	1
6830	1
8977	3
7457	1
231	0
72	3
6567	1
3919	0
8144	1
4153	2
2718	2
1990	1
1622	3
4993	0
5289	2
3416	1
399	3
4719	3
8293	1
1931	2
8943	3
5225	1
2648	1
6689	1
4251	1
8667	0
512	2
1	2
5463	2
4046	1
1857	3
932	1
3697	0
8648	1
4366	3
790	2
820	1
7885	0
2643	2
2739	2
7878	2
3089	0
650	3
1861	2
5719	1
1700	2
3083	1
1273	1
8691	1
8600	0
7177	3
2398	2
1544	3
4410	1
4475	2
402	3
4217	1
8102	1
4743	1
6298	2
8680	2
7604	1
799	3
7268	0
1540	2
7768	0
2020	0
8997	2
4571	1
1814	1
7511	3
4539	1
903	1
7160	2
140	3
5803	1
202	0
6892	2
6549	3
6296	2
5931	1
679	2
9100	2
3902	2
2180	2
6335	2
4871	1
3105	3
2853	2
4515	2
1646	3
2614	1
5876	0
760	3
2147	3
7378	2
6018	1
6134	2
2626	1
2881	3
9219	1
1679	2
4562	1
2140	1
787	2
6809	3
4693	2
8906	1
860	1
4948	0
3107	3
2229	1
2985	2
3607	2
8780	3
3523	1
6471	1
7607	2
4874	1
2418	2
1884	2
1415	1
8931	3
8978	1
3261	2
6361	0
3947	1
7272	2
5601	3
65	2
1980	2
4551	2
1232	1
5962	2
8974	2
3035	2
2041	1
1863	3
105	1
8383	1
5895	2
1489	0
5862	3
846	2
8795	2
7709	1
1617	2
153	1
2428	3
6493	3
4943	3
894	1
6971	1
8435	1
8820	2
4906	2
4494	2
7106	1
6147	1
1474	2
8492	1
2085	1
6992	0
5117	0
8233	1
1577	1
5217	0
3526	2
6029	2
3371	1
1093	2
8443	3
2929	1
8355	1
3605	2
3650	1
8384	2
6665	0
7115	3
7466	2
405	2
1925	2
669	0
2335	2
6158	1
93	2
4734	3
2061	3
7908	1
2304	3
2799	1
216	2
9064	1
7964	1
993	2
7186	1
7476	0
7281	3
4006	0
7008	1
4358	1
5335	2
2986	3
1909	1
1050	3
4072	3
8502	2
674	2
1110	1
3711	1
8482	1
6900	2
2084	0
5490	1
6720	0
604	2
224	3
185	1
4913	3
5486	2
1021	3
5093	1
7112	1
4277	2
479	2
7657	1
5910	1
3459	1
7161	2
3784	0
473	2
821	2
4559	3
8115	1
7976	1
258	2
7646	1
7283	3
7601	3
4772	0
4278	3
5101	3
7450	1
5933	1
4497	2
594	3
1745	1
9001	1
6980	2
1003	1
6767	3
736	0
4014	1
3794	1
8086	3
2696	2
1203	2
5248	1
3318	2
7323	2
8903	1
5171	2
3113	2
8899	1
3441	1
8640	2
6176	2
6787	1
7568	2
3692	2
8655	1
5028	1
3151	2
6598	1
3736	1
3870	2
3258	3
7869	2
7546	2
3857	2
785	0
4061	3
4105	3
7705	2
7374	2
5312	2
6835	2
8360	2
8475	2
9063	2
8915	1
3047	2
5623	1
1735	1
1227	1
5956	3
7287	1
1475	2
3956	1
4536	3
6435	2
7403	2
4678	1
613	2
4823	3
8460	3
8827	1
2134	1
2694	2
7209	2
3708	0
4924	2
6620	1
6277	3
7680	1
5499	2
5352	1
9240	2
3658	1
8436	1
430	2
7965	0
6555	2
1442	2
796	0
6660	3
5183	2
5015	0
7819	2
4503	3
4067	1
4125	3
2132	1
7479	2
365	1
1006	0
3404	1
2072	3
7127	1
1701	0
6258	2
6302	2
3380	2
4846	1
21	1
127	3
2114	2
9231	1
2131	2
8885	2
4048	3
797	2
2679	2
3138	1
8678	3
2565	2
1678	1
2791	1
7749	2
5929	2
7158	2
451	3
6001	3
6042	1
6692	2
3427	3
1301	1
7823	2
8689	1
848	3
5488	1
6068	2
7516	3
4621	2
6819	2
6109	1
6055	1
4344	2
4426	1
8179	2
8016	1
5400	1
2994	2
5755	2
5191	1
851	2
2461	1
4247	2
7166	2
2582	2
8244	0
5157	1
8181	1
5523	1
3558	2
436	2
927	1
928	1
3080	1
6373	2
5311	1
1877	2
8868	2
5833	2
4665	2
3797	1
4991	2
6834	2
1290	1
4038	1
7189	1
6926	2
1911	1
6455	1
1527	2
1045	2
4211	1
4401	1
4079	1
2541	2
5481	0
7763	3
2209	3
7643	1
7443	0
8173	1
9252	1
7307	2
6255	0
235	3
333	1
2166	1
8777	2
457	1
7663	2
8440	2
4452	1
9041	1
3401	1
9000	3
8837	3
4535	1
4817	1
1151	0
2938	1
5368	2
2717	1
4496	1
6836	1
1282	2
9053	0
3489	1
828	2
7481	1
3896	1
2588	2
5174	1
3316	1
252	2
6092	1
2230	1
3725	2
4308	2
5678	2
461	1
8924	2
1488	2
369	3
3257	2
3793	2
421	1
1935	1
857	2
6751	1
7850	0
6824	1
2024	1
2462	3
9205	1
56	2
6097	0
4782	1
6932	0
2457	1
1312	1
5633	2
7342	1
7462	3
4148	1
3206	3
5035	0
1843	1
6244	1
4932	1
8644	1
2169	1
3140	1
8283	1
9097	0
8860	2
3468	2
6635	0
2163	2
9234	2
6241	1
2983	2
6003	0
7994	2
8318	1
8792	1
8382	2
1600	1
128	1
1283	1
3026	2
7890	1
7623	1
6790	2
8261	2
1734	2
4252	2
6281	1
454	2
8809	2
1896	2
1556	3
1059	0
1528	1
2313	3
8972	1
2508	2
1297	1
4826	1
6630	1
5889	2
3833	0
3162	3
7280	3
2939	1
7988	1
122	2
2758	2
1309	0
5081	0
5655	2
9056	1
8808	2
4123	3
8719	0
4050	0
1344	1
8740	3
6077	1
5076	1
6943	3
535	1
9115	1
353	1
776	3
10	3
4024	2
7582	1
169	1
5401	2
8366	2
7162	1
7945	1
6035	1
6604	2
5697	2
8632	2
4729	1
2966	2
7290	1
4428	2
7627	2
956	2
6408	2
300	1
1403	1
1959	0
8506	3
5302	1
5471	1
7218	3
2851	2
9014	3
6911	2
4484	3
7786	1
4403	1
3398	1
7243	1
2585	1
2622	2
90	2
623	2
6806	2
4080	1
7785	3
6411	3
5768	1
5115	1
7288	2
1844	1
7790	2
4869	3
2182	2
2218	2
5848	3
1426	3
3406	1
4903	2
3213	3
134	2
1268	2
1666	2
4600	0
8834	2
7993	1
8203	3
3850	3
5703	3
6804	2
2766	2
5644	1
6547	2
8412	1
8201	2
9144	2
7425	1
2693	3
2153	1
533	1
9142	1
5920	1
2716	2
7699	1
1565	1
1530	2
7233	1
8510	1
4244	2
5901	2
3288	1
984	2
4132	1
6880	1
8953	2
6229	2
1828	1
8056	2
4513	1
3424	1
2173	2
6670	2
8654	2
8005	1
5710	2
8385	1
2800	1
283	2
1819	1
1813	1
5557	0
478	2
8749	3
7432	2
5617	3
2263	1
8526	2
370	1
3002	1
2047	1
8742	2
8765	3
2640	2
8822	1
971	2
6327	1
6135	1
8100	2
1256	2
3239	2
8123	0
7286	0
6761	3
6195	2
6582	3
4798	2
8205	3
853	2
6140	2
5729	1
1142	1
3419	1
5627	0
2007	2
7590	2
3679	2
1293	2
9013	1
8162	1
3525	1
6478	1
6661	2
4215	1
5660	3
8988	2
994	1
6923	1
8804	1
5231	1
7063	1
1901	1
5436	2
8662	1
6863	1
4687	3
167	0
1933	2
2748	2
8494	1
5421	3
23	0
7531	3
1318	1
254	1
4916	1
5607	1
7558	2
3887	1
4652	1
4289	1
3031	1
2284	2
7710	2
6169	3
7036	2
1190	0
6723	1
1383	2
5637	2
7708	1
2825	0
6225	1
2397	1
1715	3
5787	2
5838	2
2604	1
100	2
3562	1
154	2
2288	2
208	2
4591	2
3411	2
7413	2
4235	2
6056	1
1222	1
6282	0
7121	1
1561	2
5166	3
4386	2
5243	1
759	2
1782	1
3601	2
7484	2
2129	2
3904	3
7255	0
1144	1
7080	2
6903	2
5905	3
8996	1
1375	2
1427	1
8407	1
8368	1
1345	2
5802	1
2424	1
6382	1
292	1
3276	0
9217	0
8232	2
4307	1
2803	2
4780	1
942	3
7124	2
3773	3
3875	3
6205	1
8527	1
754	1
7132	2
9180	2
8170	2
5141	2
7049	2
3217	0
2644	3
7757	1
4256	3
5900	2
5456	2
8561	1
350	1
265	2
2338	1
8888	1
5124	2
1798	2
6300	2
5325	2
3231	2
2192	1
4311	2
3163	3
32	1
2199	0
8671	2
7400	0
6979	3
7864	1
1279	2
4682	3
2014	2
2829	2
8854	1
5136	1
926	1
1816	2
5817	1
559	0
6499	2
4739	2
2308	2
159	1
8290	2
4774	2
3674	0
3442	1
40	1
8880	2
5057	2
7065	2
3076	1
2521	1
8796	1
3695	2
6203	1
133	3
4984	2
285	1
2402	2
2894	1
8314	2
7603	2
7068	2
5510	2
342	0
3993	1
3588	1
291	1
583	2
2038	1
6893	2
6509	0
1261	2
8050	3
7632	3
7001	1
5764	2
7141	1
1029	2
3249	2
2903	1
7019	1
2421	2
5425	1
4314	2
1191	1
8814	1
4350	1
9106	0
6825	1
7175	3
7292	2
2984	1
8599	1
6770	3
2955	3
6969	1
8036	3
7756	2
7578	1
2906	2
4963	1
7744	1
69	2
3363	1
1157	1
8184	1
5371	1
4143	2
1643	2
257	2
7176	1
3273	0
1797	3
7715	2
5877	1
3030	1
6858	2
8862	1
1254	2
8653	0
4212	0
374	2
8639	1
6348	1
6647	2
915	1
3242	2
1186	2
3997	2
5286	2
3886	1
574	2
28	3
2981	1
8241	3
4746	2
4171	3
2352	3
8799	3
4467	2
6685	1
957	2
3933	1
1042	1
411	2
6799	2
9253	1
3226	2
1644	2
6955	1
765	1
4257	2
5146	3
6649	1
1307	2
3571	2
7930	2
9005	1
8188	3
2206	1
5796	2
1432	1
2339	3
3645	2
7900	2
3269	3
7781	1
4415	1
2854	1
8779	0
7232	2
8682	2
5831	2
6800	1
6617	2
7573	2
3481	1
7273	1
2400	1
6594	2
5348	2
7302	1
8445	1
2956	3
386	3
4632	1
5267	2
569	1
1400	0
2751	1
2913	2
1294	0
6390	1
6904	1
551	2
7575	1
1167	0
1529	3
1476	3
7904	1
6831	2
1822	2
9241	0
3143	1
2741	1
3215	1
1326	1
949	3
3806	1
4633	2
4813	2
563	1
7435	3
2786	1
1712	1
532	2
2142	1
6937	1
831	1
5570	2
3260	0
5784	2
4758	3
6394	2
1689	2
4175	3
7888	1
7393	1
7502	3
9105	2
8687	2
4713	2
2010	2
1483	3
8575	1
3592	3
8790	1
1870	1
2088	0
9109	1
6676	1
5505	2
7704	0
2876	2
2505	2
6732	0
4957	3
3245	2
2936	1
5114	1
2033	2
2619	2
448	0
4453	2
2746	2
8643	2
5679	1
7070	2
6391	3
3843	3
7391	1
8878	1
664	2
4960	0
902	3
1242	2
6017	2
2222	1
7039	1
5384	2
5285	1
5939	1
1240	2
8727	1
1950	1
3770	2
5695	1
441	1
7882	1
1850	3
1856	2
8296	1
5955	1
782	2
7872	0
6	2
4727	1
7097	2
7389	0
3941	1
4672	1
3098	1
6182	2
7671	3
1319	2
5480	2
6789	0
6164	1
2487	1
493	2
2361	0
6175	2
4723	1
6362	1
2959	1
4576	2
4934	1
8647	1
4569	3
7492	2
5706	2
7041	1
5030	0
7887	2
1257	1
7252	2
9246	2
6087	2
3267	2
5472	1
1891	0
4627	0
1726	2
104	1
9034	2
6155	2
6792	3
2376	1
2430	2
2319	1
6599	1
2156	1
4462	1
1030	1
7114	2
2499	1
777	3
7717	2
6518	2
6510	2
2243	1
722	3
3864	2
4769	2
6116	1
8049	1
1955	3
2217	1
8220	1
5585	2
1538	1
9185	1
8757	3
8118	2
2689	3
2324	2
8070	2
5712	2
5018	0
8886	1
8234	2
724	1
3884	2
1285	2
1124	1
1519	1
6126	2
2609	0
3781	1
3277	2
910	1
2445	2
495	3
5365	1
3953	1
3885	1
6085	2
7148	1
4852	1
2115	2
2197	1
3535	1
741	0
744	3
4482	0
979	1
278	1
2979	1
6418	0
816	3
7843	2
1020	1
517	2
2647	2
4761	1
4189	2
7344	1
5852	1
3872	2
7941	3
9129	0
1189	1
6397	1
7418	1
5826	3
5913	1
7095	3
1399	2
1009	1
1133	2
5079	0
9167	3
2821	2
5398	3
1127	1
2130	1
3909	3
2713	3
6596	2
7235	3
2323	0
1876	2
1722	1
1402	0
4726	2
7011	1
7237	1
196	1
3758	1
3185	3
8766	1
8004	2
1462	3
6046	1
5589	3
1984	2
6267	2
6953	2
6860	1
4328	1
7180	2
4495	0
8218	0
241	3
5295	2
5792	2
1801	1
7350	2
5849	3
5447	1
7851	3
4391	3
4375	2
1105	0
5396	1
6260	1
3448	1
6887	0
5975	1
1339	2
2625	1
1623	1
7464	2
9199	3
819	2
969	2
7778	3
548	2
8651	1
414	0
5781	3
2730	1
3759	1
3356	1
8881	0
4404	2
2135	1
168	2
746	1
5448	2
239	2
4605	2
2930	1
149	3
123	2
8630	1
9080	1
9027	1
5025	3
5733	3
7802	0
4324	1
805	2
332	2
3173	2
7745	2
59	1
4383	3
2749	2
7707	1
8679	1
2278	1
6395	1
1674	2
878	3
1618	2
1368	2
2062	1
8476	1
4797	2
3029	1
165	1
1587	2
502	2
7271	3
4579	1
4119	3
8793	0
3186	1
5290	1
2101	1
5871	1
936	3
1586	0
4121	2
227	2
1522	2
8683	3
6032	1
8391	2
8316	2
162	2
8085	3
5144	2
6188	3
4234	1
4918	3
7922	1
547	0
1391	1
5988	3
8618	1
5947	2
2615	3
8171	1
4902	3
3733	2
7801	3
5894	1
770	2
1046	3
4136	2
2055	1
6037	1
6404	2
8897	3
5927	3
8519	1
6117	2
3299	1
7512	2
2286	1
9012	2
7410	2
4829	2
4685	2
595	2
9084	2
2336	1
4623	3
7812	1
6815	2
1051	0
7527	2
3978	1
4824	2
6524	0
362	1
5542	2
709	1
8976	1
1243	2
9158	2
2494	1
2393	1
6963	2
5249	1
79	2
8787	1
2104	1
952	1
3157	2
8251	2
3156	1
6448	0
1179	2
432	2
5034	0
3167	1
3651	2
8471	1
8348	1
351	1
1340	1
6622	2
7301	2
588	2
6818	2
5186	1
6869	2
5774	2
5097	2
1363	2
197	2
3804	2
612	1
1505	3
1428	2
1370	2
7330	1
6573	3
7597	2
6186	1
6855	2
6714	1
6201	2
7488	2
774	3
9046	2
8423	1
1581	3
1218	3
4766	2
3655	1
793	0
5966	1
2224	3
2963	2
8731	1
8381	2
8237	2
7024	2
2193	1
3654	2
2802	1
2848	3
5782	3
2143	1
4137	3
1026	2
5850	1
868	1
1348	1
9011	2
321	3
7770	1
9138	1
2301	2
3440	2
3322	2
6360	1
876	2
5880	2
7649	1
8556	2
6640	2
2291	3
1995	3
5629	0
5640	2
2473	2
3232	2
409	0
6511	1
3503	1
1543	2
6601	1
2464	3
4577	3
7399	2
5840	3
7874	2
3895	1
6840	1
489	0
2544	1
7910	2
3396	2
1503	2
4357	2
2289	1
6516	1
5142	2
6854	2
8311	2
3753	0
6407	2
8199	2
5313	2
5402	2
7792	1
4155	2
3613	1
1885	2
468	2
1511	2
3122	1
2885	1
3256	1
3899	0
8621	1
2612	1
4112	2
4394	1
87	2
1574	1
8472	2
5799	1
6613	1
9062	0
2066	0
1924	1
5720	1
4831	1
4133	1
1585	1
658	0
6197	0
2721	1
47	1
3726	2
6850	1
5548	1
3824	3
3390	2
7236	1
4003	3
7459	1
4109	1
4710	1
7417	1
1073	2
2861	2
2664	2
1934	2
7437	2
3862	2
8534	3
3025	1
8871	1
5282	1
7044	1
7139	1
5070	1
313	2
6828	2
6764	3
1397	1
337	0
639	1
6078	1
1864	3
1849	1
862	1
9043	2
3714	1
1068	2
7968	0
3929	2
7620	1
1725	2
2368	0
9223	2
63	2
8363	1
5555	2
1244	1
340	2
494	3
2755	1
97	1
8069	2
6192	1
8329	2
1553	1
3312	2
9265	2
5334	2
7616	1
1883	1
184	1
4197	2
6938	2
1219	1
2761	3
152	0
2356	2
1596	2
3038	3
1649	1
1213	1
4103	1
9067	3
2901	2
3048	1
7639	2
8550	1
8312	0
3349	0
527	1
8947	1
6181	2
5362	1
6100	1
8984	2
8588	1
1349	2
4863	1
9238	2
2471	2
2362	2
8354	2
6319	1
2196	1
5639	3
9127	2
8751	3
447	2
7513	2
8106	3
5394	3
4759	1
4191	3
8077	1
8011	1
221	2
2982	2
7828	2
3059	2
5038	2
7978	0
3867	0
9194	2
2322	0
7377	3
418	1
4165	3
7681	2
3247	1
7205	2
1236	1
3457	3
7251	1
199	3
5147	0
8746	0
6293	1
6268	2
5341	3
4922	0
4975	2
5137	2
8783	2
4809	2
2413	2
3587	3
6436	1
6891	0
6410	2
5779	2
7340	1
1425	2
2720	2
5625	2
5477	0
5746	3
1065	2
8018	2
3727	2
220	3
9247	1
4618	0
2036	3
5266	3
3546	2
2093	1
9079	2
8043	2
1793	1
7405	1
5019	2
3719	3
1810	0
4625	0
8890	2
6220	2
6308	0
5247	2
2697	1
7197	0
4419	3
1778	0
9249	1
1464	3
3102	1
525	1
6915	1
2967	2
1806	1
7361	1
7550	1
1662	1
5750	2
2008	2
5809	2
739	1
3159	2
5998	0
2849	1
7461	2
8970	3
1605	1
1998	1
4921	1
3945	2
5364	2
5661	0
5788	1
7035	0
3399	1
372	3
4420	2
7833	2
4820	3
4530	2
5133	3
3668	1
6896	1
2877	1
7322	2
6210	1
2458	2
7012	3
577	0
1198	3
1280	1
537	3
3537	1
3145	3
1204	1
5621	1
6084	2
7275	2
5971	1
9226	2
6256	3
8276	1
3519	2
4776	1
6347	0
9183	1
1047	3
1389	1
4502	1
4985	0
6574	1
7648	2
7220	2
5811	2
1599	2
8137	1
5851	2
4825	2
788	2
5323	1
73	3
6074	2
